6630894579090664
3340103519374672
9856234842646957
1197509333716425
3971276154067590
4492351857144726
2017259912329585
7786858646182701
9002682113889454
2298431143085857
5715524310768370
6294895125592368
7402448760198262
2998503841917815
8573740237222215
1038716347038971
3882092363805689
7185650565356570
1537134265813740
2582175054709315
9385013649507350
6573960694498671
6503578618806955
9433655164598909
9513995232963822
9815585530252572
8754516218846670
8335138244094635
7728015136490418
3407448735030372
3879935393431243
1028548791686568
7375250203293895
6685730915680307
9943068936947591
5209978120430790
4184066856833642
2944067055379207
2799531167456313
3793156690673506
4084044003703568
4590437453711867
0916000371341513
5280883519606517
3517179772095616
6891302147764347
9283775492064031
8956823635495913
4651474615109155
6345737145755695
8524593800528931
7412337174919471
3104369029830651
4536440727635518
9865349287797947
1141490691821849
2754040111195293
8793568497646372
9767174715065485
5299410533339138
2921911338897577
5141693722020039
7140925853660088
7545847424095994
9149097163655001
5554472337681978
9100943265074633
8624734616443394
0273683980898443
8215383747253332
0484695436236598
8592661743827044
1775441236942704
4111158377686983
0212284848420210
2869326690588369
2347429090618490
3302216368941503
2868490544096872
4049462381045655
4481291737060309
4054740296547580
7860759306517929
5504541138656753
0592184401413563
2575584853716194
5968808949492685
7167629055579212
2265809086074504
1007296760540805
8467580797480867
5440854176015363
4115787653873302
5029704662813380
9800991170794637
8698019954733075
3962909151833685
0116697763506568
2100613223489151
7870324602960372
8879673991783023
7814534710550639
9064153895427177
0992642014615003
9695584243100680
0875475395321089
9538861481777482
8577097067622866
6763134273157735
7255290254859302
1563431589491674
4562908485616132
9693238472075005
5212837629822557
9564246020476173
9329310560196873
9290362015164639
4470699499767124
5250551495639155
8117039733335122
4212006291762956
2753978163836806
1717311219430602
7015837545299306
0577968669754603
7813889842648459
8237134558577276
9726221195978279
2815742805305901
0552840558205834
0470331775549193
0091775183826885
2869550301058839
4769808940538928
4696507759154477
7210654180380205
3645080247444261
7902369154196006
8137586721918798
5311312721609904
8005553464167099
9106112096485107
1695631160657019
4273961903394165
0410179925218968
5844577386156467
0303276925685873
1769432014132133
0327521388045840
8940464292334970
7336694361785334
8703992990397023
1363970297302312
8711762973212747
6736470040262841
4658516980805508
2070802979951603
9183055648762778
1432398953520532
2907189124654066
7559333328368614
6715418103111795
7503089513286607
4993110466694381
0258586063955891
3537552421877247
8457959879855405
4868736438914087
0483697942041674
1931267781220159
7652852076064341
3074997830683878
5027439416824412
8328926145999032
2184541121493777
0001020653445095
2482433498912526
0279068709916662
4108927403982025
3664312653930096
0648137436207537
4403263475513821
0738217771902082
3604285557454730
8930382709581621
7552747227876113
6136434049463759
3691843056925531
2165347729776985
1055263403980509
4295728174569492
0261968428403539
0917832739193743
6760789832926234
8644350699346564
6725384786901053
6161565022640259
2077287812115573
7264105213654851
6791431171266006
1691097768947077
3735698615031993
9619030543047007
9990837261708560
7079568320792603
6229815133388209
5082680809649212
4292229344413148
5147512181220153
2158819526494831
8332430122207605
4868405149746613
5588960308728298
3741207242086712
8860412603528711
1778541601602558
0162518119246985
5966513055840665
0176086215811077
9908042258225541
7985798729970629
4251462060780948
9647502968528308
1986882876847099
3427734317711826
6634780101710864
2941127305487359
2020585179950632
9751610758381247
7743497482690176
3757233723842073
6476909859333387
7425467156776144
4956202642129172
8037324704189596
6923854629071804
0758394542417366
5872295987152215
0437557684820900
9389516200309623
7773543098425389
9304446759964860
8568276020366463
8505958970169325
5804147672203766
8498310891810082
4300819574564826
8671917257717460
1971756659344175
8641259747622403
7772000022491250
4670907354729674
5397817275623258
1458081130308303
1537471995111990
0429581079142101
9794813977231934
1183078302328411
5038372137049343
7841569786539862
1660511410951811
5209806300705720
8965790318316835
0002149327190402
7262235907092064
1147048156138021
0468783132293549
4181786027831750
0989858329459508
7540175398621310
9445523225386398
4531762358424671
9536967280813504
8827226140182580
5994311290376153
2852206443928843
8769784360922135
9261090702034498
3777062632260326
7561190237377480
5639188741700654
6926651124954505
6464194853259299
4646078052811633
4123138431211103
1142693679792189
7324500584799971
8765912674658028
8975165647986863
0535338562769273
1295951077923316
0035193585701908
6657151229589297
6801419493759945
8542469004096476
2361310797658264
8198323176384225
6444463783762497
7020467292690112
6879704705300161
8246131317396176
0271249291940695
7129594865679097
0135753370482918
8128302430118746
5644682848666704
1352454302754746
9552551701942386
3106507367046275
7445086243070619
1800610548349937
2681162022319812
3007049156248946
5786628770415091
9480645198900807
0474571342219081
3278304503122994
9121022613112821
8851075603007666
7523198554051014
5273182332114422
6550340290019699
2524761657766037
3513781675685746
5985706469119679
0518540814689250
0884712531887046
2393567025888439
6250929379416524
9133743220250748
8727520135441470
3251238798870670
4946215532340505
2373454332205980
3659216611675112
5441094963904299
6638515100152409
5869162680112456
4618940866590929
1224106695441823
7206273812378648
2303180997585402
9361477493709726
6913799864277174
5193649615872035
4287316147818459
9281714989929981
0914292768585767
9244437146429870
0203609306226890
4801448860704123
1907915547207861
7301816691261201
6629657861704519
4996329322985052
4361080639409852
9008904518804851
3604233375792763
4717065199016356
0963801677981421
2535634876845783
6640406037714431
9405414749500983
0404701804598725
8713161231510324
3993334728622346
4717710808881152
8449025312773580
1618673812774317
6999040354670280
2702802658144472
3119011326367454
2189500441942469
7863767401406090
1216325367920515
9401385573887851
6859286861380431
2757610269464182
2366615003818643
1226040526615084
3726470375912932
5627593695811199
6446047463034654
2509827040271647
9803823416566395
1413071683140519
1017974473479618
4734343630795204
0845421586641237
2803507180343048
1328163673123152
6401054741751087
7773712688959416
3000963090880895
7574450342198122
4966111174103574
9042319536781536
4825661121544683
4146940639958893
9653853675618723
3804524008866585
9377065152271946
0839384384588687
6487349443019093
4984947388306281
7038311554713172
8438303614197872
4999713109630711
2535484439420670
8924506841386206
3742215913200847
0319559373628489
3856794392358154
6032818121829339
5260099430306221
5655516995017088
3781815204303241
3503633944419329
2595018372061205
8272471265570378
5032750980466610
2820404320026694
2129032761984945
7617215471808533
4327070396737714
1520599055684991
4780578564931728
0012940175558218
6639847356154135
0772763475537005
4265523459861860
9116604783066746
7113830420192564
4955859498949846
4374918656241879
4334203159055767
5853201274742170
8175690548172384
8134287172631740
6841855292424284
5729487301175195
9826805132035387
0282590467459210
4152436689470078
3489590402410995
1444372722806046
2344099111740504
5505610079072195
9403485451730335
1336567324073480
5234239364126792
4850020927707399
5435762270956940
6370709289392476
6271649377443669
5758673186542210
4560322826290409
0756164216165327
6314549065977206
9819471276433138
3577586581169506
9160332815844475
9826939189216731
7247857518638946
5058005005201478
3485939623614913
2780873719307660
0780841238637304
4711495716270460
2461255030745891
7010555107826313
3431777523511296
5539505501175780
2975070149037006
3488831273498578
8563308324482367
7445031966618983
1143936258406442
2385360032549413
4541469855249093
5997501808053691
2380353135803549
