7140925853660088
5440854176015363
0212284848420210
0429581079142101
7445086243070619
2757610269464182
5280883519606517
5505610079072195
8754516218846670
7324500584799971
4334203159055767
4531762358424671
2509827040271647
9826805132035387
3340103519374672
8975165647986863
5504541138656753
7728015136490418
5082680809649212
7561190237377480
8703992990397023
6891302147764347
7773543098425389
6725384786901053
2070802979951603
4146940639958893
3882092363805689
1017974473479618
0176086215811077
0483697942041674
4956202642129172
9121022613112821
7786858646182701
2815742805305901
8524593800528931
8134287172631740
4996329322985052
5853201274742170
8577097067622866
1141490691821849
4825661121544683
5554472337681978
1295951077923316
6573960694498671
9751610758381247
6464194853259299
6550340290019699
0162518119246985
3119011326367454
3971276154067590
7336694361785334
3000963090880895
3517179772095616
6736470040262841
7870324602960372
6763134273157735
3488831273498578
6294895125592368
4993110466694381
6923854629071804
7020467292690112
2868490544096872
2129032761984945
5997501808053691
7574450342198122
3431777523511296
6639847356154135
7552747227876113
0468783132293549
6801419493759945
2869326690588369
0839384384588687
2077287812115573
0303276925685873
0916000371341513
6487349443019093
6136434049463759
4717710808881152
3664312653930096
2998503841917815
1520599055684991
2017259912329585
4273961903394165
6657151229589297
0474571342219081
3645080247444261
9183055648762778
9990837261708560
8711762973212747
9290362015164639
8851075603007666
5758673186542210
0756164216165327
1800610548349937
0271249291940695
4403263475513821
9261090702034498
6841855292424284
8467580797480867
4470699499767124
7375250203293895
6314549065977206
8175690548172384
4590437453711867
8498310891810082
5147512181220153
1537134265813740
9281714989929981
9826939189216731
4999713109630711
7863767401406090
6760789832926234
0001020653445095
9564246020476173
4481291737060309
4696507759154477
4780578564931728
9480645198900807
5844577386156467
4618940866590929
7813889842648459
3503633944419329
8793568497646372
8940464292334970
1691097768947077
1660511410951811
9389516200309623
2753978163836806
6640406037714431
2535634876845783
7841569786539862
7129594865679097
6926651124954505
5994311290376153
7652852076064341
8457959879855405
7743497482690176
0758394542417366
7079568320792603
5397817275623258
6634780101710864
2344099111740504
9002682113889454
0535338562769273
3278304503122994
4670907354729674
6446047463034654
9283775492064031
4123138431211103
9726221195978279
3691843056925531
4711495716270460
6879704705300161
6503578618806955
2820404320026694
5058005005201478
9304446759964860
8860412603528711
5032750980466610
5027439416824412
0035193585701908
8505958970169325
0319559373628489
9619030543047007
2681162022319812
7167629055579212
0012940175558218
8542469004096476
8335138244094635
4251462060780948
2575584853716194
4658516980805508
9647502968528308
4300819574564826
0772763475537005
9653853675618723
2158819526494831
7985798729970629
7262235907092064
3962909151833685
5212837629822557
2165347729776985
8215383747253332
7038311554713172
3757233723842073
1907915547207861
2799531167456313
1352454302754746
1363970297302312
4734343630795204
9064153895427177
5539505501175780
8449025312773580
0592184401413563
6401054741751087
5985706469119679
3407448735030372
8727520135441470
5260099430306221
7860759306517929
4265523459861860
1986882876847099
0917832739193743
8246131317396176
1183078302328411
5141693722020039
4295728174569492
6859286861380431
5273182332114422
0091775183826885
8568276020366463
4850020927707399
0989858329459508
4541469855249093
0135753370482918
2361310797658264
8641259747622403
7772000022491250
9244437146429870
0327521388045840
3742215913200847
9008904518804851
7402448760198262
3741207242086712
9160332815844475
7210654180380205
4651474615109155
2373454332205980
3577586581169506
2380353135803549
0963801677981421
2944067055379207
0404701804598725
3485939623614913
3777062632260326
8671917257717460
5655516995017088
2869550301058839
7010555107826313
2595018372061205
7185650565356570
2524761657766037
9385013649507350
8137586721918798
5627593695811199
7425467156776144
4049462381045655
9819471276433138
1226040526615084
4327070396737714
2303180997585402
7902369154196006
9401385573887851
3427734317711826
7773712688959416
2385360032549413
4536440727635518
8713161231510324
6271649377443669
2907189124654066
0410179925218968
4115787653873302
8769784360922135
9106112096485107
9361477493709726
0470331775549193
3074997830683878
9445523225386398
8005553464167099
3513781675685746
3302216368941503
1038716347038971
2189500441942469
7301816691261201
9405414749500983
6630894579090664
5786628770415091
8698019954733075
8563308324482367
4769808940538928
1055263403980509
8328926145999032
9513995232963822
8573740237222215
8117039733335122
7264105213654851
9149097163655001
5209806300705720
9100943265074633
1537471995111990
1695631160657019
6715418103111795
9693238472075005
5299410533339138
2393567025888439
4868736438914087
2921911338897577
9794813977231934
1216325367920515
8198323176384225
4292229344413148
9856234842646957
3879935393431243
4562908485616132
1147048156138021
3604285557454730
9042319536781536
5209978120430790
9800991170794637
4054740296547580
2265809086074504
8965790318316835
1328163673123152
4184066856833642
3251238798870670
1028548791686568
9116604783066746
0437557684820900
3781815204303241
9433655164598909
4108927403982025
8332430122207605
8827226140182580
9803823416566395
0273683980898443
8956823635495913
2482433498912526
4374918656241879
6638515100152409
6999040354670280
1143936258406442
1413071683140519
1717311219430602
4560322826290409
5250551495639155
9908042258225541
0884712531887046
6345737145755695
3726470375912932
7545847424095994
3106507367046275
3489590402410995
8037324704189596
3804524008866585
6791431171266006
1197509333716425
8765912674658028
7206273812378648
8879673991783023
6032818121829339
5441094963904299
3793156690673506
6229815133388209
1618673812774317
1142693679792189
2941127305487359
7523198554051014
8272471265570378
1563431589491674
8237134558577276
5715524310768370
2582175054709315
3735698615031993
4111158377686983
5639188741700654
1336567324073480
0279068709916662
0002149327190402
8624734616443394
1931267781220159
5644682848666704
0648137436207537
4212006291762956
4287316147818459
3856794392358154
4868405149746613
5038372137049343
0845421586641237
7445031966618983
8128302430118746
4492351857144726
3007049156248946
6370709289392476
2852206443928843
6444463783762497
7617215471808533
0914292768585767
2461255030745891
5872295987152215
7412337174919471
4084044003703568
2702802658144472
4181786027831750
1458081130308303
7503089513286607
1432398953520532
9695584243100680
3104369029830651
0484695436236598
0518540814689250
3659216611675112
9377065152271946
6161565022640259
8592661743827044
0577968669754603
0203609306226890
0116697763506568
1444372722806046
5311312721609904
5729487301175195
1775441236942704
1971756659344175
1007296760540805
9943068936947591
1224106695441823
4646078052811633
4984947388306281
0738217771902082
8930382709581621
6685730915680307
8924506841386206
5968808949492685
2298431143085857
3537552421877247
9403485451730335
5029704662813380
2184541121493777
7814534710550639
5966513055840665
0992642014615003
9865349287797947
3993334728622346
2975070149037006
2803507180343048
4152436689470078
9536967280813504
4801448860704123
7540175398621310
5435762270956940
0282590467459210
4955859498949846
2347429090618490
4361080639409852
6250929379416524
5193649615872035
2535484439420670
6629657861704519
7255290254859302
1769432014132133
0780841238637304
3604233375792763
8438303614197872
8644350699346564
4966111174103574
0875475395321089
7247857518638946
2366615003818643
0261968428403539
6747309292164176
5869162680112456
2100613223489151
6913799864277174
2780873719307660
2754040111195293
0552840558205834
4717065199016356
