3298545143757892
8266113579775016
0380297522790929
4496654673061366
5320330508972933
3410912882231783
9685470701740945
6667248292479031
2522406207908377
9664531819814847
8285018770645807
1419428893704446
0111900440522917
6464661567161861
6632598745671715
2699117520955351
5722300748929381
4517059757920195
9991164750729669
2752782453011955
0376041929696875
6838038881434963
1832685910267156
9434564411683567
3689867487273875
0422485640031962
3349837205962461
7034365539639197
2598314759854581
7120418895468591
3414799692619699
6095468454824366
0811158352700883
