6913799864277174
1147048156138021
9002682113889454
9819471276433138
8698019954733075
9751610758381247
2921911338897577
2482433498912526
3664312653930096
3431777523511296
4374918656241879
8754516218846670
9121022613112821
4536440727635518
0484695436236598
8727520135441470
2077287812115573
4850020927707399
8438303614197872
6999040354670280
8956823635495913
3962909151833685
6657151229589297
9619030543047007
4049462381045655
7786858646182701
4361080639409852
3503633944419329
3742215913200847
0756164216165327
6841855292424284
6859286861380431
0258586063955891
5627593695811199
3741207242086712
4956202642129172
8128302430118746
9064153895427177
6032818121829339
9826805132035387
4562908485616132
5441094963904299
8577097067622866
9990837261708560
6250929379416524
0091775183826885
7728015136490418
6464194853259299
8573740237222215
5715524310768370
7559333328368614
0035193585701908
4541469855249093
0577968669754603
9261090702034498
6629657861704519
0282590467459210
1183078302328411
8198323176384225
7870324602960372
6791431171266006
8568276020366463
8713161231510324
9726221195978279
4825661121544683
2907189124654066
2944067055379207
0839384384588687
4955859498949846
5853201274742170
1017974473479618
0001020653445095
2070802979951603
8851075603007666
1413071683140519
4108927403982025
5758673186542210
9647502968528308
8765912674658028
0535338562769273
8879673991783023
9564246020476173
2524761657766037
2753978163836806
8703992990397023
0518540814689250
4734343630795204
8644350699346564
4801448860704123
9794813977231934
7773712688959416
4868736438914087
5994311290376153
8246131317396176
3971276154067590
5655516995017088
3793156690673506
4327070396737714
2509827040271647
6725384786901053
9695584243100680
9106112096485107
2941127305487359
3340103519374672
9244437146429870
6370709289392476
9290362015164639
1363970297302312
8137586721918798
1618673812774317
2100613223489151
3485939623614913
4295728174569492
4560322826290409
5639188741700654
4646078052811633
1986882876847099
7863767401406090
6345737145755695
4152436689470078
6926651124954505
2344099111740504
8542469004096476
8930382709581621
0917832739193743
6715418103111795
9865349287797947
3251238798870670
3119011326367454
2681162022319812
4403263475513821
8215383747253332
7412337174919471
3577586581169506
2393567025888439
8117039733335122
5273182332114422
9304446759964860
1769432014132133
7129594865679097
6503578618806955
7301816691261201
7010555107826313
6294895125592368
2265809086074504
4618940866590929
3645080247444261
3757233723842073
5193649615872035
1142693679792189
0404701804598725
8592661743827044
7262235907092064
3513781675685746
3604233375792763
1143936258406442
1141490691821849
6136434049463759
9389516200309623
9042319536781536
6640406037714431
5804147672203766
0319559373628489
5966513055840665
7375250203293895
8457959879855405
3993334728622346
0437557684820900
9538861481777482
9361477493709726
5250551495639155
0203609306226890
5058005005201478
2017259912329585
2535484439420670
6879704705300161
2184541121493777
3726470375912932
0992642014615003
5729487301175195
7038311554713172
7402448760198262
9183055648762778
5504541138656753
2158819526494831
8005553464167099
3735698615031993
0648137436207537
7813889842648459
2461255030745891
1038716347038971
8671917257717460
1537134265813740
9100943265074633
3537552421877247
7561190237377480
0772763475537005
9116604783066746
7247857518638946
2757610269464182
8498310891810082
4492351857144726
8237134558577276
9480645198900807
8563308324482367
9445523225386398
5212837629822557
7264105213654851
5968808949492685
2165347729776985
4334203159055767
1537471995111990
5027439416824412
1295951077923316
7206273812378648
6923854629071804
1328163673123152
5869162680112456
3302216368941503
4123138431211103
2582175054709315
2303180997585402
8505958970169325
7336694361785334
5299410533339138
0552840558205834
9513995232963822
4287316147818459
0327521388045840
0468783132293549
7185650565356570
1775441236942704
0002149327190402
7255290254859302
5786628770415091
4993110466694381
4481291737060309
5435762270956940
8272471265570378
7772000022491250
0303276925685873
2998503841917815
9283775492064031
9767174715065485
0116697763506568
9856234842646957
1432398953520532
6638515100152409
3000963090880895
0474571342219081
4780578564931728
8965790318316835
8037324704189596
1907915547207861
4670907354729674
6314549065977206
9008904518804851
3407448735030372
0916000371341513
7743497482690176
4292229344413148
7445031966618983
7545847424095994
5260099430306221
6573960694498671
9160332815844475
1800610548349937
7860759306517929
0989858329459508
8975165647986863
1717311219430602
2298431143085857
2189500441942469
5141693722020039
0273683980898443
2535634876845783
4984947388306281
7167629055579212
3106507367046275
3007049156248946
2815742805305901
0845421586641237
8332430122207605
4212006291762956
0012940175558218
9800991170794637
0410179925218968
4717065199016356
8940464292334970
5554472337681978
1563431589491674
5209806300705720
0483697942041674
5038372137049343
4531762358424671
3074997830683878
2780873719307660
6229815133388209
4769808940538928
0780841238637304
8134287172631740
1444372722806046
2799531167456313
5539505501175780
2575584853716194
2852206443928843
8641259747622403
0176086215811077
4265523459861860
7902369154196006
7140925853660088
6685730915680307
6634780101710864
1660511410951811
1216325367920515
4996329322985052
3804524008866585
3427734317711826
6550340290019699
8335138244094635
2129032761984945
4651474615109155
6446047463034654
4696507759154477
2380353135803549
6444463783762497
5147512181220153
0279068709916662
0884712531887046
8467580797480867
1197509333716425
7617215471808533
9803823416566395
1055263403980509
7079568320792603
8860412603528711
7113830420192564
1695631160657019
5082680809649212
4184066856833642
3489590402410995
8827226140182580
4711495716270460
6487349443019093
9403485451730335
1520599055684991
7523198554051014
7985798729970629
2373454332205980
7652852076064341
0875475395321089
9943068936947591
7552747227876113
7841569786539862
4054740296547580
2385360032549413
1224106695441823
2366615003818643
9433655164598909
2820404320026694
4273961903394165
3604285557454730
2361310797658264
1691097768947077
9536967280813504
9908042258225541
7020467292690112
9377065152271946
4300819574564826
0738217771902082
7773543098425389
6639847356154135
4084044003703568
8328926145999032
2869550301058839
0271249291940695
8793568497646372
1931267781220159
5872295987152215
8769784360922135
4470699499767124
4111158377686983
2975070149037006
5280883519606517
0429581079142101
4146940639958893
4717710808881152
0212284848420210
2595018372061205
7540175398621310
1007296760540805
4946215532340505
3278304503122994
7445086243070619
1028548791686568
3488831273498578
3659216611675112
9281714989929981
5029704662813380
8924506841386206
0135753370482918
7425467156776144
4658516980805508
2702802658144472
5505610079072195
4868405149746613
5844577386156467
6401054741751087
8711762973212747
8524593800528931
0162518119246985
1336567324073480
1226040526615084
8449025312773580
4251462060780948
3882092363805689
6891302147764347
7814534710550639
4590437453711867
9826939189216731
9405414749500983
6760789832926234
0261968428403539
6630894579090664
0758394542417366
2803507180343048
4115787653873302
5209978120430790
5311312721609904
6161565022640259
5985706469119679
0914292768585767
3781815204303241
9401385573887851
2869326690588369
0963801677981421
6801419493759945
3104369029830651
6271649377443669
5440854176015363
5644682848666704
5032750980466610
9653853675618723
1352454302754746
5397817275623258
5997501808053691
3691843056925531
7503089513286607
3856794392358154
3517179772095616
8175690548172384
4999713109630711
9693238472075005
8624734616443394
0470331775549193
2868490544096872
6736470040262841
2347429090618490
3879935393431243
7574450342198122
2754040111195293
4181786027831750
7210654180380205
1971756659344175
0592184401413563
9149097163655001
6763134273157735
4966111174103574
7324500584799971
9385013649507350
1458081130308303
3777062632260326
